  0.000000E+00  0.184712E+01
  0.555556E-01  0.184247E+01
  0.111111E+00  0.182702E+01
  0.166667E+00  0.180090E+01
  0.222222E+00  0.176350E+01
  0.277778E+00  0.171377E+01
  0.333333E+00  0.165206E+01
  0.388889E+00  0.157794E+01
  0.444444E+00  0.149005E+01
  0.500000E+00  0.138897E+01
  0.555556E+00  0.124550E+01
  0.611111E+00  0.112739E+01
  0.666667E+00  0.103173E+01
  0.722222E+00  0.955841E+00
  0.777778E+00  0.895584E+00
  0.833333E+00  0.851027E+00
  0.888889E+00  0.821134E+00
  0.944444E+00  0.805166E+00
  0.100000E+01  0.800206E+00
